g_test_8
0.1583726406097412
